[gd_scene load_steps=2 format=2]

[ext_resource path="res://src/objects/Wall4x4.tscn" type="PackedScene" id=1]

[node name="Koridor" type="Spatial"]
transform = Transform( 1, 0, 0, 0, 1, 0, 0, 0, 1, 0, 0, 4 )

[node name="Walls" type="Spatial" parent="."]
transform = Transform( 1, 0, 0, 0, 1, 0, 0, 0, 1, 0, 4.7346, 0 )

[node name="Wall4x4" parent="Walls" instance=ExtResource( 1 )]
transform = Transform( 1, 0, 0, 0, 1, 0, 0, 0, 1, -2.98123, -3.14013, -3.99377 )

[node name="Wall4x5" parent="Walls" instance=ExtResource( 1 )]
transform = Transform( -1, 0, -8.74228e-08, 0, 1, 0, 8.74228e-08, 0, -1, 4.01877, -3.14013, -3.99377 )

[node name="Wall4x6" parent="Walls" instance=ExtResource( 1 )]
transform = Transform( -4.37114e-08, 0, 1, 0, 1, 0, -1, 0, -4.37114e-08, 0.51877, -3.14013, -0.49377 )

[node name="Wall4x20" parent="Walls" instance=ExtResource( 1 )]
transform = Transform( -4.37114e-08, 0, 1, 0, 0.2, 0, -1, 0, -4.37114e-08, 0.51877, -4.81674, -2.49377 )

[node name="Wall4x26" parent="Walls" instance=ExtResource( 1 )]
transform = Transform( 1.31134e-07, 0, -1, 0, 0.2, 0, 1, 0, 1.31134e-07, 4.51877, -6.81674, -5.60531 )

[node name="Wall4x27" parent="Walls" instance=ExtResource( 1 )]
transform = Transform( -0.965926, 0, -0.258819, 0, 0.2, 0, 0.258819, 0, -0.965926, -0.334443, -6.82664, -9.59459 )

[node name="Wall4x25" parent="Walls" instance=ExtResource( 1 )]
transform = Transform( -4.37114e-08, 0, 1, 0, 0.2, 0, -1, 0, -4.37114e-08, 0.51877, -11.1401, -1.49377 )

[node name="Wall4x7" parent="Walls" instance=ExtResource( 1 )]
transform = Transform( 1.31134e-07, 0, -1, 0, 1, 0, 1, 0, 1.31134e-07, 0.51877, -3.14013, -7.49377 )

[node name="Wall4x8" parent="Walls" instance=ExtResource( 1 )]
transform = Transform( -4.37114e-08, 0, 1, -0.5, 0.866025, -2.18557e-08, -0.866025, -0.5, -3.78552e-08, 0.51877, -6.14013, -0.49377 )

[node name="Wall4x9" parent="Walls" instance=ExtResource( 1 )]
transform = Transform( 1.31134e-07, 0, -1, 0, 1, 0, 1, 0, 1.31134e-07, 0.51877, -6.14013, -7.49377 )

[node name="Wall4x10" parent="Walls" instance=ExtResource( 1 )]
transform = Transform( -1, 0, -8.74228e-08, 0, 1, 0, 8.74228e-08, 0, -1, 4.01877, -6.14013, -3.99377 )

[node name="Wall4x11" parent="Walls" instance=ExtResource( 1 )]
transform = Transform( 1, 0, 1.74846e-07, 0, 1, 0, -1.74846e-07, 0, 1, -2.98123, -6.14013, -3.99377 )

[node name="Wall4x12" parent="Walls" instance=ExtResource( 1 )]
transform = Transform( -4.37114e-08, 0, 1, -8.74228e-08, -1, -3.82137e-15, 1, -8.74228e-08, 4.37114e-08, 0.51877, -13.1401, -7.49377 )

[node name="Wall4x13" parent="Walls" instance=ExtResource( 1 )]
transform = Transform( 1.31134e-07, 0, -1, 8.74228e-08, -1, 1.14641e-14, -1, -8.74228e-08, -1.31134e-07, 0.51877, -13.1401, -1.49377 )

[node name="Wall4x14" parent="Walls" instance=ExtResource( 1 )]
transform = Transform( -1, 0, -8.74228e-08, 7.64274e-15, -1, -8.74228e-08, -8.74228e-08, -8.74228e-08, 1, 4.01877, -13.1401, -3.99377 )

[node name="Wall4x15" parent="Walls" instance=ExtResource( 1 )]
transform = Transform( 1, 0, 1.74846e-07, -1.52855e-14, -1, 8.74228e-08, 1.74846e-07, -8.74228e-08, -1, -2.98123, -13.1401, -3.99377 )

[node name="Wall4x16" parent="Walls" instance=ExtResource( 1 )]
transform = Transform( -1, 0, -8.74228e-08, 7.64274e-15, -1, -8.74228e-08, -8.74228e-08, -8.74228e-08, 1, 4.01877, -10.1401, -3.99377 )

[node name="Wall4x21" parent="Walls" instance=ExtResource( 1 )]
transform = Transform( -0.866025, 4.37114e-08, -0.5, 7.64274e-15, -1, -8.74228e-08, -0.5, -7.57103e-08, 0.866025, 3.01877, -10.1401, 0.00623035 )

[node name="Wall4x22" parent="Walls" instance=ExtResource( 1 )]
transform = Transform( -0.866025, 4.37114e-08, -0.5, 7.64274e-15, -1, -8.74228e-08, -0.5, -7.57103e-08, 0.866025, 3.01877, -8.14013, 0.00623035 )

[node name="Wall4x17" parent="Walls" instance=ExtResource( 1 )]
transform = Transform( 1, 0, 1.74846e-07, -1.52855e-14, -1, 8.74228e-08, 1.74846e-07, -8.74228e-08, -1, -2.98123, -10.1401, -3.99377 )

[node name="Wall4x23" parent="Walls" instance=ExtResource( 1 )]
transform = Transform( 0.965926, -2.26267e-08, -0.258819, -1.52855e-14, -1, 8.74228e-08, -0.258819, -8.44439e-08, -0.965926, -2.98123, -10.1401, -1.99377 )

[node name="Wall4x24" parent="Walls" instance=ExtResource( 1 )]
transform = Transform( 0.836516, -0.258819, -0.482963, -0.224144, -0.965926, 0.12941, -0.5, -7.57103e-08, -0.866025, -2.98123, -7.14013, -1.99377 )

[node name="Wall4x18" parent="Walls" instance=ExtResource( 1 )]
transform = Transform( 1.31134e-07, 0, -1, 8.74228e-08, -1, 1.14641e-14, -1, -8.74228e-08, -1.31134e-07, 0.51877, -10.1401, 0.50623 )

[node name="Wall4x19" parent="Walls" instance=ExtResource( 1 )]
transform = Transform( -2.18557e-07, 0, 1, -8.74228e-08, -1, -1.91069e-14, 1, -8.74228e-08, 2.18557e-07, 0.518771, -10.1401, -7.49377 )
