[gd_scene load_steps=13 format=2]

[ext_resource path="res://src/objects/Wall4x4.tscn" type="PackedScene" id=1]
[ext_resource path="res://src/objects/Rigid_Plank.tscn" type="PackedScene" id=2]
[ext_resource path="res://src/objects/Pole.tscn" type="PackedScene" id=3]
[ext_resource path="res://src/objects/Static_TubeLong.tscn" type="PackedScene" id=4]
[ext_resource path="res://src/objects/Static_TubeCorner.tscn" type="PackedScene" id=5]
[ext_resource path="res://src/objects/Static_TubeShort.tscn" type="PackedScene" id=6]
[ext_resource path="res://src/objects/Valve.tscn" type="PackedScene" id=7]
[ext_resource path="res://src/objects/GridWithPoles.tscn" type="PackedScene" id=8]
[ext_resource path="res://src/objects/Static_Beam.tscn" type="PackedScene" id=9]
[ext_resource path="res://src/objects/Static_Plank.tscn" type="PackedScene" id=10]
[ext_resource path="res://assets/crow.glb" type="PackedScene" id=11]
[ext_resource path="res://src/objects/beer.tscn" type="PackedScene" id=12]

[node name="Koridor" type="Spatial"]
transform = Transform( 1, 0, 0, 0, 1, 0, 0, 0, 1, 0, 0, 4 )

[node name="Walls" type="Spatial" parent="."]
transform = Transform( 1, 0, 0, 0, 1, 0, 0, 0, 1, 0, 4.7346, 0 )

[node name="Wall4x4" parent="Walls" instance=ExtResource( 1 )]
transform = Transform( 1, 0, 0, 0, 1, 0, 0, 0, 1, -3.10686, -3.14013, -3.99377 )

[node name="Wall4x5" parent="Walls" instance=ExtResource( 1 )]
transform = Transform( -1, 0, -8.74228e-08, 0, 1, 0, 8.74228e-08, 0, -1, 4.01877, -3.14013, -3.99377 )

[node name="Wall4x80" parent="Walls" instance=ExtResource( 1 )]
transform = Transform( -1, 0, -8.74228e-08, 0, 1, 0, 8.74228e-08, 0, -1, 4.01877, -3.14013, -7.63001 )

[node name="Wall4x45" parent="Walls" instance=ExtResource( 1 )]
transform = Transform( -0.926739, -0.375707, -8.10181e-08, -0.375707, 0.926739, -3.28453e-08, 8.74228e-08, 0, -1, 3.54622, -0.302214, -4.08831 )

[node name="Wall4x6" parent="Walls" instance=ExtResource( 1 )]
transform = Transform( -4.37114e-08, 0, 1, 0, 1, 0, -1, 0, -4.37114e-08, 0.51877, -3.14013, -0.49377 )

[node name="Wall4x41" parent="Walls" instance=ExtResource( 1 )]
transform = Transform( -4.03653e-08, -1.67727e-08, 1, -0.383715, 0.923451, 0, -0.923451, -0.383715, -4.37114e-08, 0.88732, -0.749151, -0.809046 )

[node name="Wall4x42" parent="Walls" instance=ExtResource( 1 )]
transform = Transform( 0.772224, -2.98023e-08, 0.635351, -0.243794, 0.923452, 0.296314, -0.586716, -0.383715, 0.713111, -3.48891, -1.29354, -2.11919 )

[node name="Wall4x43" parent="Walls" instance=ExtResource( 1 )]
transform = Transform( 0.86116, 0.125066, -0.492708, -0.238086, 0.95561, -0.173562, 0.44913, 0.266772, 0.85271, -1.9802, -0.917512, -5.84538 )

[node name="Wall4x20" parent="Walls" instance=ExtResource( 1 )]
transform = Transform( -4.37114e-08, 0, 1, 0, 0.2, 0, -1, 0, -4.37114e-08, 0.51877, -4.81674, -2.49377 )

[node name="Wall4x29" parent="Walls" instance=ExtResource( 1 )]
transform = Transform( 0.313926, 0, 0.949447, 0, 0.2, 0, -0.949447, 0, 0.313926, -4.70092, -8.00632, -5.27611 )

[node name="Wall4x30" parent="Walls" instance=ExtResource( 1 )]
transform = Transform( 0.99406, 0, -0.108832, 0, 0.2, 0, 0.108832, 0, 0.99406, -1.34774, -7.99805, 0.161459 )

[node name="Wall4x26" parent="Walls" instance=ExtResource( 1 )]
transform = Transform( 1.31134e-07, 0, -1, 0, 0.2, 0, 1, 0, 1.31134e-07, 5.33582, -6.81674, -5.60531 )

[node name="Wall4x27" parent="Walls" instance=ExtResource( 1 )]
transform = Transform( -0.965067, -0.00843442, -0.258589, -0.0407351, 0.199822, -0.0109149, 0.258819, 0, -0.965926, 0.0912479, -6.98178, -9.59459 )

[node name="Wall4x7" parent="Walls" instance=ExtResource( 1 )]
transform = Transform( 1.31134e-07, 0, -1, 0, 1, 0, 1, 0, 1.31134e-07, -2.51876, -3.14013, -7.49377 )

[node name="Wall4x44" parent="Walls" instance=ExtResource( 1 )]
transform = Transform( 1.31134e-07, 0, -1, -0.437257, 0.899337, -5.73393e-08, 0.899337, 0.437257, 1.17934e-07, 0.852817, -0.21314, -6.88699 )

[node name="Wall4x81" parent="Walls" instance=ExtResource( 1 )]
transform = Transform( 0.142052, 0.0690653, -0.987447, -0.437257, 0.899337, -5.73393e-08, 0.888048, 0.431768, 0.157951, 0.811295, -2.69369, -8.15692 )

[node name="Wall4x46" parent="Walls" instance=ExtResource( 1 )]
transform = Transform( 1.31134e-07, 0, -1, -0.999255, 0.0385797, -1.31036e-07, 0.0385797, 0.999255, 5.05911e-09, 0.418013, -0.0544076, -3.92015 )

[node name="Wall4x100" parent="Walls" instance=ExtResource( 1 )]
transform = Transform( 1.31134e-07, 0, -1, -0.999255, 0.0385797, -1.31036e-07, 0.0385797, 0.999255, 5.05911e-09, 0.418013, -0.0544076, -6.43747 )

[node name="Wall4x47" parent="Walls" instance=ExtResource( 1 )]
transform = Transform( -0.124762, -0.035933, -0.991536, -0.952805, -0.274419, 0.129834, -0.276761, 0.960939, -3.62928e-08, 0.914538, -0.819776, -1.84917 )

[node name="Wall4x8" parent="Walls" instance=ExtResource( 1 )]
transform = Transform( -4.37114e-08, 0, 1, -0.184123, 0.982903, -8.04826e-09, -0.982903, -0.184123, -4.29641e-08, 0.509447, -6.23267, 0.140225 )

[node name="Wall4x9" parent="Walls" instance=ExtResource( 1 )]
transform = Transform( 1.30675e-07, -0.0835735, -0.996502, 1.09593e-08, 0.996502, -0.0835735, 1, 0, 1.31134e-07, -2.36353, -5.67461, -7.53248 )

[node name="Wall4x32" parent="Walls" instance=ExtResource( 1 )]
transform = Transform( 0.20868, 0, -0.977984, 0, 1, 0, 0.977984, 0, 0.20868, 1.84841, -5.31769, -9.14762 )

[node name="Wall4x10" parent="Walls" instance=ExtResource( 1 )]
transform = Transform( -1, 0, -8.74228e-08, 0, 1, 0, 8.74228e-08, 0, -1, 4.01877, -6.14013, -3.99377 )

[node name="Wall4x33" parent="Walls" instance=ExtResource( 1 )]
transform = Transform( -1, 0, -8.74228e-08, 0, 1, 0, 8.74228e-08, 0, -1, 4.01877, -6.14013, -7.38815 )

[node name="Wall4x22" parent="Walls" instance=ExtResource( 1 )]
transform = Transform( -0.317689, -0.534765, 0.783007, -0.530547, 0.784671, 0.320643, -0.785871, -0.313557, -0.532999, 5.54989, -5.31846, -1.81369 )

[node name="Wall4x11" parent="Walls" instance=ExtResource( 1 )]
transform = Transform( 1, 0, 1.74846e-07, 0, 1, 0, -1.74846e-07, 0, 1, -2.98123, -6.14013, -3.99377 )

[node name="Wall4x12" parent="Walls" instance=ExtResource( 1 )]
transform = Transform( 0.0702127, 0.0375268, 0.996826, -0.170313, -0.984169, 0.0490465, 0.982885, -0.173216, -0.0627098, -3.42193, -13.5037, -8.02393 )

[node name="Wall4x58" parent="Walls" instance=ExtResource( 1 )]
transform = Transform( 0.998633, -0.0226015, -0.0471335, -0.0223065, -0.999728, 0.00677697, -0.0472739, -0.00571632, -0.998866, 0.264161, -12.5355, -12.366 )

[node name="Wall4x73" parent="Walls" instance=ExtResource( 1 )]
transform = Transform( 0.996903, -0.0217311, 0.0755754, -0.0223065, -0.999728, 0.00677697, 0.0754076, -0.0084418, -0.997117, 0.264161, -9.17526, -12.366 )

[node name="Wall4x13" parent="Walls" instance=ExtResource( 1 )]
transform = Transform( 1.31134e-07, 0, -1, 8.74228e-08, -1, 1.14641e-14, -1, -8.74228e-08, -1.31134e-07, 0.51877, -12.6731, -1.85923 )

[node name="Wall4x99" parent="Walls" instance=ExtResource( 1 )]
transform = Transform( 1.31134e-07, 0, -1, 8.74228e-08, -1, 1.14641e-14, -1, -8.74228e-08, -1.31134e-07, -3.58115, -12.436, -1.49782 )

[node name="Wall4x14" parent="Walls" instance=ExtResource( 1 )]
transform = Transform( -1, 0, -8.74228e-08, 7.64274e-15, -1, -8.74228e-08, -8.74228e-08, -8.74228e-08, 1, 4.01877, -13.1401, -3.99377 )

[node name="Wall4x15" parent="Walls" instance=ExtResource( 1 )]
transform = Transform( 1, 0, 1.74846e-07, -1.52855e-14, -1, 8.74228e-08, 1.74846e-07, -8.74228e-08, -1, -2.98123, -13.1401, -3.99377 )

[node name="Wall4x25" parent="Walls" instance=ExtResource( 1 )]
transform = Transform( -0.868555, -0.278754, 0.409765, 0.315601, -0.948597, 0.0236512, 0.382109, 0.149864, 0.911884, 3.84481, -16.4445, -5.9145 )

[node name="Wall4x40" parent="Walls" instance=ExtResource( 1 )]
transform = Transform( -0.0183694, -0.000961633, 0.999831, 0.196332, -0.980534, 0.00266408, 0.980365, 0.196348, 0.0182009, 1.81891, -16.3498, -8.4714 )

[node name="Wall4x38" parent="Walls" instance=ExtResource( 1 )]
transform = Transform( -0.0132804, 0.0432753, 0.998975, -0.999616, 0.0237399, -0.0143173, -0.0243347, -0.99878, 0.0429434, 3.71855, -8.33326, -9.8427 )

[node name="Wall4x34" parent="Walls" instance=ExtResource( 1 )]
transform = Transform( 0.182029, 0.0373889, -0.982582, 0.185328, -1.13746, -0.00894934, -0.970055, -0.156592, -0.185667, -1.20685, -16.467, -2.30633 )

[node name="Wall4x35" parent="Walls" instance=ExtResource( 1 )]
transform = Transform( -0.627501, 6.80688e-08, -0.778616, 7.64274e-15, -1, -8.74228e-08, -0.778616, -5.48579e-08, 0.627501, 1.98062, -16.6519, -1.86502 )

[node name="Wall4x37" parent="Walls" instance=ExtResource( 1 )]
transform = Transform( -0.815014, -0.169265, -0.554167, 0.127677, -0.985336, 0.113187, -0.5652, 0.0214946, 0.824674, 3.34345, -14.4433, -2.56238 )

[node name="Wall4x36" parent="Walls" instance=ExtResource( 1 )]
transform = Transform( 0.627501, 6.80688e-08, 0.778616, 0.161405, -0.978278, -0.130079, 0.761703, 0.207297, -0.61387, -3.28295, -16.3228, -6.59149 )

[node name="Wall4x48" parent="Walls" instance=ExtResource( 1 )]
transform = Transform( -0.93702, 1.31836e-07, 0.349275, -1.50996e-07, -1, -2.76282e-08, 0.349275, -7.86273e-08, 0.93702, 3.61864, -19.6895, -5.81463 )

[node name="Wall4x49" parent="Walls" instance=ExtResource( 1 )]
transform = Transform( -0.400195, -0.0600735, 0.914459, 0.148448, -0.98892, 1.01627e-07, 0.904327, 0.135749, 0.404679, 2.00982, -19.2359, -8.01492 )

[node name="Wall4x53" parent="Walls" instance=ExtResource( 1 )]
transform = Transform( -0.0471615, -0.152458, 0.987184, 0.948912, -0.315522, -0.00339481, 0.311996, 0.936591, 0.15955, 0.777624, -24.4825, -6.53105 )

[node name="Wall4x54" parent="Walls" instance=ExtResource( 1 )]
transform = Transform( -0.0471615, -0.152458, 0.987184, 0.962681, 0.25673, 0.0856399, -0.266496, 0.954383, 0.134661, 0.809244, -24.4825, -3.08534 )

[node name="Wall4x50" parent="Walls" instance=ExtResource( 1 )]
transform = Transform( 0.184392, 0.250788, -0.950318, 0.416777, -0.895612, -0.155484, -0.89011, -0.367401, -0.269666, -0.104123, -19.5619, -2.60278 )

[node name="Wall4x51" parent="Walls" instance=ExtResource( 1 )]
transform = Transform( -0.627501, 6.80688e-08, -0.778616, 7.64274e-15, -1, -8.74228e-08, -0.778616, -5.48579e-08, 0.627501, 1.95652, -19.6784, -1.84723 )

[node name="Wall4x52" parent="Walls" instance=ExtResource( 1 )]
transform = Transform( 0.919654, 0.356868, 0.163954, 0.377293, -0.918725, -0.116591, 0.109021, 0.169082, -0.979554, -1.3781, -19.3826, -6.13729 )

[node name="Wall4x98" parent="Walls" instance=ExtResource( 1 )]
transform = Transform( 0.962895, 0.226772, 0.146311, 0.246874, -0.959158, -0.138085, 0.109021, 0.169082, -0.979554, -1.94455, -17.2541, -6.09641 )

[node name="Wall4x59" parent="Walls" instance=ExtResource( 1 )]
transform = Transform( -0.93702, 1.31836e-07, 0.349275, -1.50996e-07, -1, -2.76282e-08, 0.349275, -7.86273e-08, 0.93702, 3.61864, -23.2374, -5.81463 )

[node name="Wall4x60" parent="Walls" instance=ExtResource( 1 )]
transform = Transform( -0.400195, -0.0600735, 0.914459, 0.148448, -0.98892, 1.01627e-07, 0.904327, 0.135749, 0.404679, 2.00982, -22.7838, -8.01492 )

[node name="Wall4x61" parent="Walls" instance=ExtResource( 1 )]
transform = Transform( 0.184392, 0.250788, -0.950318, 0.416777, -0.895612, -0.155484, -0.89011, -0.367401, -0.269666, -0.104123, -23.1099, -2.60278 )

[node name="Wall4x62" parent="Walls" instance=ExtResource( 1 )]
transform = Transform( -0.627501, 6.80688e-08, -0.778616, 7.64274e-15, -1, -8.74228e-08, -0.778616, -5.48579e-08, 0.627501, 1.95652, -23.2264, -1.84723 )

[node name="Wall4x63" parent="Walls" instance=ExtResource( 1 )]
transform = Transform( 0.919654, 0.356868, 0.163954, 0.377293, -0.918725, -0.116591, 0.109021, 0.169082, -0.979554, -1.3781, -22.9305, -6.13729 )

[node name="Wall4x39" parent="Walls" instance=ExtResource( 1 )]
transform = Transform( 0.96373, 0.258115, -0.0678323, 0.263299, -0.961071, 0.0837609, -0.0435717, -0.0985831, -0.994174, -2.28995, -14.7785, -4.04153 )

[node name="Wall4x16" parent="Walls" instance=ExtResource( 1 )]
transform = Transform( -1, 0, -8.74228e-08, 7.64274e-15, -1, -8.74228e-08, -8.74228e-08, -8.74228e-08, 1, 4.01877, -10.1401, -3.29437 )

[node name="Wall4x55" parent="Walls" instance=ExtResource( 1 )]
transform = Transform( -1, 0, -8.74228e-08, 7.64274e-15, -1, -8.74228e-08, -8.74228e-08, -8.74228e-08, 1, 4.01877, -13.1401, -11.0913 )

[node name="Wall4x57" parent="Walls" instance=ExtResource( 1 )]
transform = Transform( 1.68915e-07, -3.46476e-09, -1, 0.244952, -0.969535, 4.47354e-08, -0.969535, -0.244952, -1.62921e-07, 1.27455, -16.3363, -11.473 )

[node name="Wall4x56" parent="Walls" instance=ExtResource( 1 )]
transform = Transform( -1, 0, -8.74228e-08, 7.64274e-15, -1, -8.74228e-08, -8.74228e-08, -8.74228e-08, 1, 4.01877, -10.1401, -10.3919 )

[node name="Wall4x64" parent="Walls" instance=ExtResource( 1 )]
transform = Transform( -1, 0, -8.74228e-08, 7.64274e-15, -1, -8.74228e-08, -8.74228e-08, -8.74228e-08, 1, 4.01877, -13.1401, -15.7849 )

[node name="Wall4x65" parent="Walls" instance=ExtResource( 1 )]
transform = Transform( -1, 0, -8.74228e-08, 7.64274e-15, -1, -8.74228e-08, -8.74228e-08, -8.74228e-08, 1, 4.01877, -10.1401, -15.0855 )

[node name="Wall4x66" parent="Walls" instance=ExtResource( 1 )]
transform = Transform( -4.37114e-08, -8.74228e-08, 1, 7.64274e-15, -1, -8.74228e-08, 1, 3.82137e-15, 4.37114e-08, 2.20459, -13.137, -23.3954 )

[node name="Wall4x88" parent="Walls" instance=ExtResource( 1 )]
transform = Transform( -4.37114e-08, -8.74228e-08, 1, 7.10543e-15, -1, -8.74228e-08, 1, 3.55271e-15, 4.37114e-08, 2.37501, -15.749, -21.9655 )

[node name="Wall4x89" parent="Walls" instance=ExtResource( 1 )]
transform = Transform( -4.37114e-08, -8.74228e-08, 1, 7.10543e-15, -1, -8.74228e-08, 1, 3.55271e-15, 4.37114e-08, 2.37501, -15.8041, -20.1974 )

[node name="Wall4x90" parent="Walls" instance=ExtResource( 1 )]
transform = Transform( -4.37114e-08, -8.74228e-08, 1, 7.10543e-15, -1, -8.74228e-08, 1, 3.55271e-15, 4.37114e-08, 2.37501, -18.7762, -20.1974 )

[node name="Wall4x69" parent="Walls" instance=ExtResource( 1 )]
transform = Transform( 1, 7.64274e-15, 2.13163e-14, 7.64274e-15, -1, -8.74228e-08, 2.13163e-14, 8.74228e-08, -1, 0.333318, -15.3557, -13.138 )

[node name="Wall4x70" parent="Walls" instance=ExtResource( 1 )]
transform = Transform( 1, 7.64274e-15, 2.13163e-14, 7.64274e-15, -1, -8.74228e-08, 2.13163e-14, 8.74228e-08, -1, 0.333318, -15.3557, -18.7257 )

[node name="Wall4x71" parent="Walls" instance=ExtResource( 1 )]
transform = Transform( 1, 7.64274e-15, 2.13163e-14, 7.64274e-15, -1, -8.74228e-08, 2.13163e-14, 8.74228e-08, -1, 0.180323, -11.5929, -18.7178 )

[node name="Wall4x67" parent="Walls" instance=ExtResource( 1 )]
transform = Transform( -4.37114e-08, -8.74228e-08, 1, 7.64274e-15, -1, -8.74228e-08, 1, 3.82137e-15, 4.37114e-08, 2.90398, -10.137, -23.3493 )

[node name="Wall4x68" parent="Walls" instance=ExtResource( 1 )]
transform = Transform( -4.37114e-08, -8.74228e-08, 1, -0.978971, -0.204001, -6.06265e-08, 0.204001, -0.978971, -7.66672e-08, 2.76465, -8.37115, -13.1299 )

[node name="Wall4x72" parent="Walls" instance=ExtResource( 1 )]
transform = Transform( -4.37114e-08, -8.74228e-08, 1, -0.994703, -0.102792, -5.24663e-08, 0.117903, -1.14093, -9.45893e-08, 2.72455, -9.04016, -16.8257 )

[node name="Wall4x74" parent="Walls" instance=ExtResource( 1 )]
transform = Transform( -1, 0, -8.74228e-08, 7.64274e-15, -1, -8.74228e-08, -8.74228e-08, -8.74228e-08, 1, 4.01877, -13.1401, -19.8015 )

[node name="Wall4x82" parent="Walls" instance=ExtResource( 1 )]
transform = Transform( -1, 0, -8.74228e-08, 7.64274e-15, -1, -8.74228e-08, -8.74228e-08, -8.74228e-08, 1, 4.01734, -15.5928, -11.0937 )

[node name="Wall4x94" parent="Walls" instance=ExtResource( 1 )]
transform = Transform( -1, 0, -8.74228e-08, 7.64274e-15, -1, -8.74228e-08, -8.74228e-08, -8.74228e-08, 1, 4.01734, -18.6218, -11.0937 )

[node name="Wall4x86" parent="Walls" instance=ExtResource( 1 )]
transform = Transform( 1.31134e-07, 8.74228e-08, -1, 7.64274e-15, -1, -8.74228e-08, -1, 3.82137e-15, -1.31134e-07, 2.37153, -19.8729, -12.0373 )

[node name="Wall4x83" parent="Walls" instance=ExtResource( 1 )]
transform = Transform( 1, 7.64274e-15, 2.13163e-14, 7.64274e-15, -1, -8.74228e-08, 2.13163e-14, 8.74228e-08, -1, 0.331889, -17.8084, -13.1404 )

[node name="Wall4x84" parent="Walls" instance=ExtResource( 1 )]
transform = Transform( 1, 7.64274e-15, 2.13163e-14, 7.64274e-15, -1, -8.74228e-08, 2.13163e-14, 8.74228e-08, -1, 0.331889, -18.5711, -18.7281 )

[node name="Wall4x91" parent="Walls" instance=ExtResource( 1 )]
transform = Transform( 1, 7.64274e-15, 2.13163e-14, 7.64274e-15, -1, -8.74228e-08, 2.13163e-14, 8.74228e-08, -1, 0.331889, -20.8836, -13.1404 )

[node name="Wall4x92" parent="Walls" instance=ExtResource( 1 )]
transform = Transform( -4.37114e-08, 1, 8.74228e-08, 1, 4.37114e-08, 2.51377e-14, 2.13163e-14, 8.74228e-08, -1, 0.331889, -20.2808, -18.7281 )

[node name="Wall4x95" parent="Walls" instance=ExtResource( 1 )]
transform = Transform( -4.37114e-08, 1, 8.74228e-08, 1, 4.37114e-08, 2.51377e-14, 2.13163e-14, 8.74228e-08, -1, 0.331889, -20.1168, -15.6795 )

[node name="Wall4x96" parent="Walls" instance=ExtResource( 1 )]
transform = Transform( -4.37114e-08, 1, 8.74228e-08, 1, 4.37114e-08, 2.51377e-14, 2.13163e-14, 8.74228e-08, -1, 3.45872, -20.1373, -13.8134 )

[node name="Wall4x93" parent="Walls" instance=ExtResource( 1 )]
transform = Transform( -4.37114e-08, 1, 8.74228e-08, 1, 4.37114e-08, 2.51377e-14, 2.13163e-14, 8.74228e-08, -1, 4.25874, -20.1045, -18.7281 )

[node name="Wall4x101" parent="Walls" instance=ExtResource( 1 )]
transform = Transform( -0.671452, -0.734595, 0.0975834, -0.726958, 0.678506, 0.10565, -0.143821, -1.41561e-07, -0.989604, 4.64698, -18.2862, -20.4686 )

[node name="Wall4x85" parent="Walls" instance=ExtResource( 1 )]
transform = Transform( -1, 0, -8.74228e-08, 7.64274e-15, -1, -8.74228e-08, -8.74228e-08, -8.74228e-08, 1, 4.01734, -15.5928, -18.521 )

[node name="Wall4x97" parent="Walls" instance=ExtResource( 1 )]
transform = Transform( -0.915593, 0.217412, -0.338263, -0.207533, -0.976027, -0.0655825, -0.344412, 0.0101539, 0.938764, 5.08339, -16.5272, -20.0411 )

[node name="Wall4x87" parent="Walls" instance=ExtResource( 1 )]
transform = Transform( -1, 0, -8.74228e-08, 7.64274e-15, -1, -8.74228e-08, -8.74228e-08, -8.74228e-08, 1, 4.01734, -18.4132, -18.521 )

[node name="Wall4x75" parent="Walls" instance=ExtResource( 1 )]
transform = Transform( -1, 0, -8.74228e-08, 7.64274e-15, -1, -8.74228e-08, -8.74228e-08, -8.74228e-08, 1, 4.01877, -10.1401, -19.1021 )

[node name="Wall4x76" parent="Walls" instance=ExtResource( 1 )]
transform = Transform( 1, 7.64274e-15, 2.13163e-14, 7.64274e-15, -1, -8.74228e-08, 2.13163e-14, 8.74228e-08, -1, 0.333318, -15.3557, -22.7423 )

[node name="Wall4x77" parent="Walls" instance=ExtResource( 1 )]
transform = Transform( 1, 7.64274e-15, 2.13163e-14, 7.64274e-15, -1, -8.74228e-08, 2.13163e-14, 8.74228e-08, -1, 0.211699, -11.5929, -22.7816 )

[node name="Wall4x78" parent="Walls" instance=ExtResource( 1 )]
transform = Transform( -4.37114e-08, -8.74228e-08, 1, -0.994703, -0.102792, -5.24663e-08, 0.102792, -0.994703, -8.24665e-08, 2.7253, -9.71663, -20.6811 )

[node name="Wall4x79" parent="Walls" instance=ExtResource( 1 )]
transform = Transform( -4.37114e-08, -8.74228e-08, 1, -0.994703, -0.102792, -5.24663e-08, 0.102792, -0.994703, -8.24665e-08, 2.7253, -9.71663, -22.7607 )

[node name="Wall4x21" parent="Walls" instance=ExtResource( 1 )]
transform = Transform( -0.964469, 2.30965e-08, -0.264193, 7.64274e-15, -1, -8.74228e-08, -0.264193, -8.43166e-08, 0.964469, 3.55784, -8.60835, 0.535043 )

[node name="Wall4x17" parent="Walls" instance=ExtResource( 1 )]
transform = Transform( 1, 0, 1.74846e-07, -1.52855e-14, -1, 8.74228e-08, 1.74846e-07, -8.74228e-08, -1, -2.98123, -10.1401, -3.99377 )

[node name="Wall4x28" parent="Walls" instance=ExtResource( 1 )]
transform = Transform( 0.908779, -0.417212, 0.00736337, -0.416693, -0.9083, -0.0368533, 0.0220637, 0.0304232, -0.999293, -2.09515, -10.3428, 0.0964646 )

[node name="Wall4x31" parent="Walls" instance=ExtResource( 1 )]
transform = Transform( 0.91116, -0.340735, -0.231705, -0.358124, -0.932968, -0.0363111, -0.2038, 0.116064, -0.972108, -3.4936, -10.3029, -6.46388 )

[node name="Wall4x23" parent="Walls" instance=ExtResource( 1 )]
transform = Transform( 0.965926, -2.26267e-08, -0.258819, -1.52855e-14, -1, 8.74228e-08, -0.258819, -8.44439e-08, -0.965926, -2.98123, -10.1401, -1.99377 )

[node name="Wall4x24" parent="Walls" instance=ExtResource( 1 )]
transform = Transform( 0.836516, -0.258819, -0.482963, -0.224144, -0.965926, 0.12941, -0.5, -7.57103e-08, -0.866025, -3.34816, -7.14013, -1.77353 )

[node name="Wall4x18" parent="Walls" instance=ExtResource( 1 )]
transform = Transform( 1.31134e-07, 0, -1, 0.080199, -0.996779, 1.05168e-08, -0.996779, -0.080199, -1.30712e-07, 0.51877, -10.1401, 0.108159 )

[node name="Wall4x19" parent="Walls" instance=ExtResource( 1 )]
transform = Transform( -2.18557e-07, 0, 1, -8.74228e-08, -1, -1.91069e-14, 1, -8.74228e-08, 2.18557e-07, -3.61878, -9.70468, -7.49377 )

[node name="Beam" parent="." instance=ExtResource( 9 )]
transform = Transform( 1, 0, 0, 0, 1, 0, 0, 0, 1, 1.44421, -3.33667, -0.31191 )

[node name="Beam2" parent="." instance=ExtResource( 9 )]
transform = Transform( 1, 0, 0, 0, 1, 0, 0, 0, 1, 0.472879, -5.48475, 0.359093 )

[node name="GridWithPoles" parent="." instance=ExtResource( 8 )]
transform = Transform( 1, 0, 0, 0, 0.999649, 0.026491, 0, -0.026491, 0.999649, 2.73477, -7.2715, -9.97473 )

[node name="GridWithPoles3" parent="." instance=ExtResource( 8 )]
transform = Transform( 1, 0, 0, 0, 1, 0, 0, 0, 1, 2.76779, -7.2715, -19.2948 )

[node name="GridWithPoles2" parent="." instance=ExtResource( 8 )]
transform = Transform( 0.951164, -0.307145, 0.0308126, 0.267536, 0.870043, 0.414066, -0.153987, -0.385602, 0.909725, 2.87508, -8.64645, -13.754 )

[node name="RigidPlank" parent="." instance=ExtResource( 2 )]
transform = Transform( 5.91103e-08, 2.95552e-08, -0.676143, -0.99643, -4.35553e-08, -8.71107e-08, -3.4223e-08, 0.782932, 3.4223e-08, 1.37792, -8.75899, -19.8044 )

[node name="Pole" parent="." instance=ExtResource( 3 )]
transform = Transform( -1, 0, -8.74228e-08, 0, 1, 0, 8.74228e-08, 0, -1, 1.35733, -8.77413, -19.7806 )

[node name="Beam" parent="Pole" instance=ExtResource( 9 )]
transform = Transform( -0.0832952, 0, 0.996525, 0, 1, 0, -0.996525, 0, -0.0832952, -0.828658, 0.0373993, 1.14572 )

[node name="StaticPlank" parent="Pole" instance=ExtResource( 10 )]
transform = Transform( 6.2466e-09, -0.142905, -0.989736, -1, -4.37114e-08, 0, -4.32628e-08, 0.989736, -0.142905, -0.206838, 0.171909, 2.04285 )

[node name="Beam2" parent="Pole" instance=ExtResource( 9 )]
transform = Transform( -0.0832952, 0, 0.996525, 0, 1, 0, -0.996525, 0, -0.0832952, -0.611943, 0.0373993, 2.56728 )

[node name="Objects" type="Spatial" parent="."]

[node name="Pole" parent="Objects" instance=ExtResource( 3 )]
transform = Transform( 1.13688, 0, 0, 0, 1, 0, 0, 0, 1, 2.42653, -0.529244, -3.4969 )

[node name="Pole2" parent="Objects" instance=ExtResource( 3 )]
transform = Transform( 0.996391, -0.0848778, 0, 0.0848778, 0.996391, 0, 0, 0, 1, 2.67062, -0.66782, -4.47621 )

[node name="RigidPlank" parent="Objects" instance=ExtResource( 2 )]
transform = Transform( 1.91069e-15, -4.37114e-08, 1, -1, -4.37114e-08, 0, 4.37114e-08, -1, -4.37114e-08, 2.66257, -0.539708, -4.13663 )

[node name="StaticBody" parent="Objects" instance=ExtResource( 4 )]
transform = Transform( 8.74228e-08, 1, 1.52855e-14, -1, 8.74228e-08, -1.74846e-07, -1.74846e-07, 0, 1, 0.143048, 1.12283, 0.510176 )

[node name="MeshInstance2" parent="Objects/StaticBody" instance=ExtResource( 5 )]
transform = Transform( 1, 0, -1.42109e-14, 0, 1, 0, 1.42109e-14, 0, 1, 0.794405, -0.00393766, -4.7206 )

[node name="StaticBody2" parent="Objects" instance=ExtResource( 4 )]
transform = Transform( 1, -1.22066e-07, 1.78814e-07, -1.93715e-07, -1.41423e-08, 1, -1.47027e-07, -1, -2.23518e-08, 0.137583, -1.62897, -4.19772 )

[node name="MeshInstance2" parent="Objects/StaticBody2" instance=ExtResource( 5 )]
transform = Transform( 1, 0, -1.42109e-14, 0, 1, 0, 1.42109e-14, 0, 1, 0.794405, -0.00393766, -4.7206 )

[node name="StaticBody" parent="Objects/StaticBody2" instance=ExtResource( 4 )]
transform = Transform( -2.88102e-08, 4.87853e-08, -1, 3.72529e-08, 1, 8.19565e-08, 1, -2.05008e-08, -5.86123e-08, 0.791826, 0.00592881, -4.72365 )

[node name="MeshInstance3" parent="Objects/StaticBody2" instance=ExtResource( 5 )]
transform = Transform( 1, -3.63659e-08, 3.77635e-07, -3.89355e-07, -0.535282, 0.844673, 1.73217e-07, -0.844673, -0.535282, 2.11189, 2.32267, -4.71348 )

[node name="StaticBody" parent="Objects/StaticBody2/MeshInstance3" instance=ExtResource( 4 )]
transform = Transform( 1, 0, 1.27898e-13, 0, 1, 2.98023e-08, 0, -2.98023e-08, 1, -0.790335, 0.0059948, 4.70227 )

[node name="MeshInstance2" parent="Objects/StaticBody2/MeshInstance3/StaticBody" instance=ExtResource( 5 )]
transform = Transform( -1, -2.13163e-14, -1.50996e-07, -1.42109e-14, 1, -2.98023e-08, 1.50996e-07, -2.98023e-08, -1, -0.794163, 0.0160203, 0.790926 )

[node name="StaticBody2" parent="Objects/StaticBody2" instance=ExtResource( 4 )]
transform = Transform( 8.87594e-09, 9.09062e-08, -1, 0.258819, 0.965926, 1.1914e-07, 0.965926, -0.258819, -4.63739e-08, 2.10931, 2.3314, -4.71898 )

[node name="Pole3" parent="Objects" instance=ExtResource( 3 )]
transform = Transform( -4.37114e-08, 0, 1, 0, 1, 0, -1, 0, -4.37114e-08, -0.231208, -2.1425, -6.41291 )

[node name="Pole4" parent="Objects" instance=ExtResource( 3 )]
transform = Transform( -4.37114e-08, 0, 1, 0, 1, 0, -1, 0, -4.37114e-08, -1.59491, -2.1425, -6.41291 )

[node name="crow" parent="Objects" instance=ExtResource( 11 )]
transform = Transform( 0.773898, -0.527186, -0.350936, -0.207977, -0.734957, 0.645433, -0.598186, -0.426513, -0.678425, 3.52219, -9.66837, -16.463 )

[node name="StaticBody" parent="." instance=ExtResource( 6 )]
transform = Transform( 1, 0, 0, 0, -4.37114e-08, 1, 0, -1, -4.37114e-08, 0.129614, 0.333428, -4.19922 )

[node name="valve" parent="." instance=ExtResource( 7 )]
transform = Transform( 1, 0, 0, 0, 1, 0, 0, 0, 1, 0.15779, 1.19869, -2.10573 )

[node name="Pole2" parent="." instance=ExtResource( 3 )]
transform = Transform( 1, 0, 0, 0, 1, 0, 0, 0, 1, 2.89054, -7.09664, -15.2693 )

[node name="Pole4" parent="." instance=ExtResource( 3 )]
transform = Transform( 0.992881, 0.119114, 0, -0.119114, 0.992881, 0, 0, 0, 1, 2.88988, -6.77962, -15.8638 )

[node name="Pole3" parent="." instance=ExtResource( 3 )]
transform = Transform( -1, 0, -1.50996e-07, 0, 1, 0, 1.50996e-07, 0, -1, 0.737705, -9.30898, -16.0291 )

[node name="valve2" parent="." instance=ExtResource( 7 )]
transform = Transform( 1, 0, 0, 0, 0.866025, 0.5, 0, -0.5, 0.866025, 1.44204, -8.821, -10.8755 )

[node name="beer" parent="." instance=ExtResource( 12 )]
transform = Transform( 1, 0, 0, 0, 1, 0, 0, 0, 1, 1.27925, -8.56858, -19.9207 )
